7037820758827807408497077795800920945564112826399497045808769686495349892155142788993019726185985571466656705891799661615817053616306353361489518803133871
8071958270325199131747389808528242424514712894116263578816657687165411551262120492047886873887258168727357028235664462583184144550534096371517700125080027
8599620084551845761350241331368559643431059415638194719660965913314117738033341154932387140286520549606133438789205235307072120857758275614728459480035523
6943182401922829061982348824419348527239337052448431894467064535988987809939808324960430162899574038778440054405671585078823986336570314926192359365083281
11320789613541349358636689968349535049833973112699490950123110290242469127581305158051127550952859652292292025868447731926748115562763637264986841987856693
7208220423597775864129452942476020988962201057575739976447192740567661192605526117510371869565902913410805769391334786789291617979205463816117392896299803
11471646114753545978827936598702267310468377376040317024411566619123579792731953301235978468311037611286118164881887327683639529044319802776937722455248141
11726471748410497411580892471574659898307864620948600404796459724631665439030046839304632846715159001351674952029549748943553027720155889163885920387359377
11968699585060278238536155621801714678884921768264770912302235887385180288800800197201464476783264012560492314214916750133946961592020076025982470474869407
10642648467101187622736463666699872687072232448031863797887063233102832197004994090572280766906576400213213103143659960533755148983987347436508296293820441
7562914047649075485997830160940940821932076390330619765875537238172403441735937236160370329527631295250929187456234084091004776099240451317329847978741331
12680044106128098822157318802680637058863888689813979292333186764896922199993294710119721257018535272081539438692937711434785278996172176737814556154190553
12997029380868070794884191897366308311241472382550140855415098510897483602556136178502239481326269447171710277359746325783971189301407768692897713347919621
13051756000836431734395434603899307522222537662782768319817813117674649848340351529241806416079724604130501663114265768036290621960320568467790098242341241
11672522012340388409300549084391048906896767281188040964114864786716307313159095614676441537833471026510525941175299238465686705883059303864075999516406947
12600557011010131033403952151916853565696554786803512691670262574785060716449241914174416524004990709788015836412133815692971391405147322142408667336903487
6950455137133844945601159388270883657924815423721329989618455633626331045550845969495988786730912397377390331770039003620540079113945901322556854267949931
10042105097517690047911755847024825246694955220538881458458001652917259504621201047936692294582512422389002441426031292738966771339908990928856063667027999
10887859217650877990190332530013981778723281576702542404824213126828953067177589862143524189555984632986345075856976405104795314203544644029388369471011411
9653212745047495681657881987677827706945102866315206576702287749030548928249299806351690703701755829029711103886957488092373726253479008332740868873567833
7192455889307255559176879520137565922822751412826521605783759057831758296448620965339124752598505269557704233982252667269779290841392552825925256749504553
8197351438603044239911317208514716905967284895080144416219248506021624603078590882664879497821145564629203035813740222004664654970327784441529597033360103
9039170671181955926698454434187929104348163169936887644543607096291270745420092469507780011549407659816103214413184032691519259314603001873652084263490421
8173269761969671152395067257314928565889666061120055747685062186710246529692703380874947965706414444825233103855972379832633636856834326909386710201335409
7128131899264124534901153317313434655610349771040183318020411961373782963242322713707525186447733220957694736437694937868082347149847927093081562124339511
8712944079599827854896083337460339511528008744186424483199296399626063136116733426924337112058104635715544046822665214939782827627276842396763512073520027
8876060284217926928619072783794399726541060916022204495480882590871260111393968741542075899319157512935703767232589831402990448756463415873072346152978641
6803389390780370029619732567008223153713808612139738313638531333399928950470095920525800074274752560089165501633101899170657689305878014489332026646372553
9370270456036742825317531925625781317581251145140084652476338550052354138564548746540655657140473797633223756992278959807828191487867923312416160651937269
7503483393104119012731913712259599363228649342794979704780728357901103242962113798892777292350270877159524102713504940653632530294775858645104510101572551
7461598314524828716725913360925870197469298216567988477060634237214916298648582971135933632564251099476270963802603097811239054515776435569404039583321077
7217838798785505427204682979323426024670330398015331628241613091521905666199181175169019342751654828048043531942780148059543798699528776881609803678761563
11621820046652804358047926728329234937664596382288792812977125186537046463587920246882387938079612757844054543487799103549555033413563390110053038135659467
8313239826490687095123493867207144527922416774404556333829656000660346412930179034965490062063059982620797801078322495960136991247962716609601051127360257
9136872347843062830178654077383277834310523014674834186714720740522451938123531769009718439762189093689022733322715535757804360583194315957604114537418029
10069102681116530171822430537287033186013272132441591942546944027778500877513091987321446556143878711316246083223932858253895755888381106774906381119424197
7583600698229183275696190164105261397770948151199325174436215525403439358120786560925291011874016952126694378158035720068672205752986974731609620514428283
11299663826151430084181470953848156997753682710391698098122810190765845881708537144940156212082014233549991941870573445279719092347916977511557580033933981
10999081741852268128657074259381496568601899577119175012446683376627747091474574072928283446853223778823983031034882230808501268390624746364458960175784151
6991715041243664417881114761724716257946377403447162953817837426248019426702648289785379951768797908881522884940257201668954332320226100244207992113190027
12234143642569580654946441285027854431334942364881296215651204109302542386977692783472381775461273410839030560332233617264475657439924674191914470173846611
9402203718271565948698904044895008733196385980415708356112099882900360559317983102665669913508163346361773671068614492340909105952752186467452867798705173
8320370538428587426256573732817004233895824752228052735065314425657320379235832731101934039693968602295781399472579847157365065756216502548995159201319299
12398537619971318685586466788008726779887815496814439923763822181806151455498165950657083593313130837162765367696660246009620794049250350009663334716363941
8115222591820197602883651785746589359303805755699253704871772467970836146717807433511811181642696901126344722718382045447163478071705781121687457444043663
12637635762477278014804724664725583904475674157072056837638368132927030263618332917802855315636558596659855530284570003579252898354669480925921565952583361
7433527439702040064503165826415087048623476605417817070976322692959496330548798154905454463549890240076170283665922087609076866355927678102390965816308713
10948737813841145492310349449562972782986256442105770690958988194580019979600674826889114001904071852664238135940608580539525907582166341158424324469709723
10431961062167946603042918998948924940154669237409142607729185806016550928704686475066481983282368417574556676799472621273956887747712636931474956497148061
10837382269236601214868527830278841500280726783503720126897513387298884298051147566059953500950195985501159218882893248254132565150483597315241899791192137
9839537562885115060661912984225803192875816169332362791568073674997961918778956767947277256184059930040101216176783120087366947648799024880871302451373689
12933982770449746784092255013172276397516466030310060083390351171667976976970026013318750760721008120331374675495991322249719974391438423900506093616691043
10405581438604072598009184732790969280551986058283183082227616993631428892860201594152873233710273027333880899306550600072767284476948055245537748079664643
8268043271488639674048049453426525780785778144368942819644706635485476766916672088165826054086384140070186873183463425647720550952426313836016188999300999
8335319997243601322413415531979318831235811220449505125113584167686623297287596961508656954807956084365058430229683108375904301143741641540147916489495829
10590687072306364936948513804224661822648150271081204900213755808605432554738458629327257139145107119575427692196036023815821985363319556997041997956251321
11176017780999025417088178952775753869036171411638249089639818638336227713741568693327254468004309810402881941458755095929829883943756235656563368694073947
9241270342348252430565893353678647690099908165520563952135259930778093398326538824471035099059810935296218200931555919575797519930672922452324423478152943
9249529412920125537295787276111777875089111935552855506267490424947391219134028686962726644341331156585279357039873661623893875950012951027381209785970773
10646788585285139469598412969271325791971943619491451472849244837404898366478906901085834382688370931359062097408178276083349968460776366549994905466035649
8116796717853094833831084780531647089818901682200669851171325182295421532519101104705972387739829674774947765312884824987071111716810397225229685794303111
8494553452121009459119438997964494239964512161179119209817343604189238653019401568008195363486231722685877679032207261036144836687445716205054351636419631
7577897572346618683037278915114546457120138943911542331868238898457805549481604270157603697640980581996452673799040248146368312163697543292260044335542683
6881710510890627919247854103575710867009719979848802280612059734279507575259209411659252568456165673262012048434674185588926230882034500612637535104492057
9342778720045712235052549166240990097120719260584650107326659704685098274594159777765605173253409353406530628912330747542270028864890906891041469257333329
9067048946829705436806723070972011345049888809045804712485134309385244594816182563848909137304833456994455989112787418580055148240280819242134688787585767
12946365402076663219736664933612459104204936051248504078897065166100608304037979054451712489385195553750088712571505584195548561750975611613038394324467823
12235047761734173167740157022864436086862794273782696750621385846970322828072010965137941488355577729926992203395094310483020066933262157062703080354140739
11393256375900359271108115037100421445847204868549491075437424400746002793507373351962041068376406182527225008300830019018100507625761282048109039853186139
11590434767303774059812176079990629028422268510064882360896632462284348491228174278704123975553286217422185425312244045451218079659687638659160089790502543
12559113590296443068115897290785146676632249794690468935706423521639605681839261006455266183097717320079806686647933933678143402273298402856651904396775933
8378083725167429075866144238385699118326223440541722005737892237972494002381261729251990828266041322414819476910227559955458800688129260681303549819610297
7266780992498834019651365924154223132047946080104761686242801367125193138989006633464784721687923810658424118813917258479133544706109998099631678942585093
8013376832583608631268109486447034254949959699767737263999643964431444889064691747643697300647593135163828639611693323686442404397963893785057137113726219
12629864413285454410264987458998127937246897837769241857314971819784545686910847844771601359712757464343458300491528149342746759682283122562192558286026783
10487527154973615659415705801170263169042100200736992179278748023286066626093514095574483106087373021023289971759262840999917100308030686292222842234670729
7441222061604951466751119832574763280433188879896111821989578122494966333141261019133700416264901899257700212103969790266011286011468048802814883403915883
11000119047534571992290866933453057722067288395067920559434872917022544442494033694845411742661356690141369629974219360527600163256894983142947204246450353
6821515839571330316154801065364553670731711202624720815855659800573793719591765761436778460739351515765563448167252386168146013364266436901356976614002521
7151562978848897418110699198067612792590266004806045095632758141563942649986555197661056662088892766202450197124861879577656160404237880408308170838591921
11161115980659419218064100108472151909861846457579489490776120797504172446849737183199506845588192436599264620635619853698213417089689690074638337461343249
7313836308942542969194811918773825959750961434157354849084758797193332663644947332080302962626517543461573790313291987879434270945787484565270136058403539
12253822113212975160470076604488962840673565906187288236169264843222334663556773141787686259036229424478800204339011397748901945306247238788573455026848973
10087635214112342590937587929552124897167572055982398152891348614411543782138258512145463864300309811613082311635573905966626897320354645964388102810658177
7512980971459611920791674080053727581736893499496472023486272197650174569713730764862504507321614822785619614829478162701431967321556309867704723563754099
10659604789866054282977669863211658943116911395109908515646491098498494794584551189323591371406515046063242629545083118501347656077245310927221957190554299
11602938471113471040555772143752524443432687317989114901785156070072777877043411601124290266253980168463674516234530957290084646497922430150405840030735597
11671018380516309579838845543098126968005456427784995679449841378399241114406313417556461756368400414551662789850077440502292350464528406106985204439438817
10385047220787458130658014696251191162652941277464077208182360483001919717952520935463050214803164013470698513879567473368545250639201571962529227321553431
12151659291459272284655232186730884756398257286177120428021617580603479767362209481472216411809464563155852356976682279303068596606358037724885715823095337
7776816444245093115923476949444106793788397850830778480455244677155703562189778286116379203413818178947070129309355563416613674727097890884756840896488531
12586021943432821304435285503637100413072258455198709381772762896070420168837445315692387215453954324291296091302539563432483900853468239885368941515952883
9300874004120541206453829383797179795140293858223168977842840621547548935816757285673178482824794957074869362949161604758265971462403728775253060320087061
9369648611639592888101813359023700571193493250225684988005193243386017647210371810596016456256902190828424184058449322423822493389110501577045656350387349
9203762477870072330303315903129305870835242913408685313980530388825228107022076279179866866097837526272512623117807662195122806074424527418575862747812219
10474893924820009450094350046228023661555794336439674332006788040297936872196323736901418673103874205014156959923267023743396171360572265224189753889069411
11223536904268052190652932199625004191825479644012456519971076650647793228057962535924803235027549908918686951455474833334570846904646068354760650194331811
12739243480180281596437577555359355597315477095360082800749030687589776739319967306426147439406172818373636347444220301593689763958967109850882550170021939
8574651592449406654994044590602350383127233103407277016927358294551715620840593685157108374581876629510394123199516831660948795869076307417770146170005971
7287976755256991424287832954406524389355944202297676627031042075410552935284444298105367132590193156632821105411688550139500646127813791200570070101844387
8916660400579016732188885271299536474408265716171572441220429841863408594677272443391040318117993974036442450748404622716161180318251720766512397154995793
8133175736428560568652962473875836875511306639430749665044237758628029081008709298396995465984754929595779444265759592738875573115834461964584388324536269
11326629983120074456089570716117867949227550835882465413830598826593329884370023228328925337090297045230276227222512637244071367868724368200488764518309521
11429346255533825306581432759759872774314705905284678082740180827328785032069472852158688109808676037052321206955591165959852308805191643402054946034980319
12404529285377964243363471482286143600936938223082924220459387043434758585383032565706714886431424927029480889943357299382427664154930522044601966947045433
9666258266463739220561058962670967016294833354034965762642443037811106815307091576157476177544231298280988617791723170547727217169893689402967778094236271
7094880122489200064359666895742575189346922125743849636792561672415494917996947782347816982523216562384247143194259065233977932110588313418926794261205749
12042035960044715534148736254259256245755164150412367520123855135660819099230199430868170892026422784530330266021445325734349830586187969294478863789890499
10358750925150623361532189050928044617654822787622579492465258514397417821561164818521604672393873944790363122585833793265857623746833465294350963741562213
6804476787072939841770518852487830994073404198666339374433950620121941167635895624735019548257228709977607406129306337950430244966044054624945567459937481
9374302998153717827599930103513489051647554990092840876104302167786287054301253447569398949105180829422676199611534075729305279828481971267129291502663139
11938186140588228995764208862087643016918150802234420296067812001769599642429628171990212469327181090491055403734171858449708381773636114241851462604857323
7031328678266010901039240587805220553353050149170993254320574996027337086897951317127019272563748905091624999957043886179694839707172920898920225358264683
11142650361482783250961147220946578140586769586745475355539750251297431768583080945545471029454400707931881000982549515540004267506216195523229192396862607
7339570611380941545563514919271868460385450501241629574721584473656290745766017152517691243998938998091807363229186374160378799997323040886382585358411881
10523725753776502591525440474801171883648193866344369003380286368561238292973953369598432209667497906355438752572272048703928595715577314243354837823328683
9783603545557553211979530486221909353147461056046337328408357737495105224605443178632280726734946375064396501269286997131994002717449946266775422229330263
10915971460992575992225263457105678521201143833377103879077053690390801356295000614101051019741916061510511969857864765814835899263800165047054755808502683
9052810979142582688770723858656846666596657329204752042273892406196405479959627971936874648924795484926230332050017952905825921405519071316477477174734331
11100218831182682012712014005768061309529030518739470698606661982154760413695552918400759391558390715711670507055588744689109352854654136614681925050410361
10107682676050414062377747306867114102148333409276424409109854434537854201589333098596168716530754304022816259059420474863481504853205541532309977403962787
9213519578977685480385165627262663830029082921944629854870996894778460842181380562414816189308869043235325913848663685722243461142184765422778088578488799
10122367654155401908103695739445526122384182102449588044236504494092606026422385411305528801666411489466551437186405601708055323864976808709736017096363313
8966192305946811570147156097394888241947129098000581159002718467943769868901454875446686114207985003387143801135487838081335123024522778906462033000231557
8039300349781947022425656321290651337512976957203927980689311704007055205160428831842517106211910977262277568733189333199218732859360897918227434860374107
8092425791726492263432198126293275574390023897702762579231794839520652769399179441762102357659013228828065485390196584782841658289993559653641438516713221
10953774973030460411734794112488098201018232085880806654880126956359632904713691468759396125572747906718933663174133822547628655203883688332545960856848423
6756488318672365880088349453685729338889727264422893994259769165509201228282516258958603709253338774036012367074712716943564595793403428112679460304933077
8970634317284090129729476383206699940317737847527821365453035640306364208835663816171364714520173618142380432968507632319642984662026801250336316449676287
7764942613445369062109035289052309416058698094980729291132228446296161591344908649278748250320595277716948132062585389156318979025652403073622486683400463
8769357466633688334387200514959374595708640093793129469253713821113687954906183503665591687739630310776365056981144865876850476507037679642498935044665509
13244572699329803829541866793377861190287746325338308306191520664168900432887219447870912690699991281213489354069681774442324164609557159856885562406408619
10146491784698667575485200538786490123513696714356259058996568941574236510011490487718170506507360551039316462366912950122711974727231708247023273337001287
10100225347500010104875079072629807193752978142668263937041962652666194821753851807064704589907591979753700610724006649477639726145267712748712974513176969
6769822083587009177588703224450973722243728762956132898465630686010985493530442717720813756336915317249737451510393458788928084598903715961119762949751461
7601258103846412008195200701698876117473778183533931427230112974868245498204850470439590121013128540841784297285215939240063420191373156223655801587386293
9405582271821820364823617180916502427206454196860980173498513171075233653060881190082105834290838576603743683306867795981345113842870447028534561573126359
9915400447445633947184150320877355097501067586349525845510682808009669012838472759054414707560282773077940245265560451530885878850117595964506227644072417
11404408598933404903761312552325804951770784284680659698133625288080203200687220177855347952424713037655619072642357687815868867983429513054679548783779273
9180121628379612228314505170444497863425761124920537354048963171517616455292635923442360103447582035827031427154474108202779046105969953593805382077513843
9541108507615066804790539097254705929024302813504199614773547875670814912196153988326889996386930092951226496751941152812159931572730428363889675415321039
10363252454620925452012755482762669483927264073027991042060369505947647776656474108402475454137021432138022702014548907963724090578769085044366282800165767
8723236180479051302077008226799168285015482533028166132954962557723192247522682786090985277193655779487564812554601406594992136156552206993296408425073853
9352142534856388558754274526613661666180368192880244816940664427395219904826902928084373722003128774763963894267081043112013648286290892478867413550227049
11334726200085519770053720637207226412413392043406195399465385154631570891150556932107475198618283198730064852731961163660149256641903527528082937561591963
11780666506653540907455769513879793645548968718794710351490650047596849686818469502939271519137623716539796468865003407577220774271807083342269236870192081
11897801613176787919830121734097399695486119009363587354819053848053979206140984506830163702270575318992485845268015990459043437496319313484283431665792983
10055728243583070660295177872825353483207297657494315711604276178088412592522555603832691945555450642745339914886457623030763579784694959644169343985041439
9231533058539961851848393675836060390993938901242256225636678818774138275276507323601540421625085481077862739648189346224288492984797660542064963500734161
13221043835413229871419266940308874849284911225732547831492193212601879966934493707342186908132598531716752576067241492474339484508568203084755914564925091
9794073109789314953627403474474356174742745950995256051359852052530604171336206893756290667984764118971102135443140272299684662915411699230486578902634789
8326693932880984490474665938026278763096189066729813459613397974970134845420698363053503229972418414255966775494438729736844654494193457732472946260992313
10563761178487990839425844726089583484041885961821553803635241033970515336857107229614596725748957144259825555341985912021335048034922118936257340514000207
6767274410645250767681660135321725651024155674055580811424534786843910084362613698572765853386657017761132678092051961699344024194391044233928368247560413
11468669388136185900440672266048218346438604595535131163234874162622001259216791053279816628973733468326863090102337679961852400200945240565336484603113141
9377697577822909786860643921769261240708761980050551144800999472852671572652826832968523975950663742032810683291266743209201693677542805972328370185651899
13175741443229285471428520681532055173472276263953684642134921219318008125966033371766455517258649152689124548757283827291630169900023643027725952892050221
11380844006879895259957027014996997093483535909513400896864063865968968532549529701844474242409729072371216637236096808225700576162674527345429163780081391
7664692368704655564094384424838898398863199889787033304978353719657591957763599913779430702504496545632518444614516965376768830079144231189351134679040827
13296172546430650982354031131929907093813199380964971740188623729624890491384336178699276803492551243898517309796717883113622067638917728869258821242847329
13206087831864480367695401560901261789340510458132126166915858389700461789040230692133349470152741805805678227699654919330497742750899650219847055836862707
12981792591107302783555310367307844929852127362347900008530722887032602370160058156821869983021884327891441827962955452245459469546263930164084246365749047
11460474184446712883583968974480581269828918786951259507556044202055803575111803555775067930424365261672706086238328059266125782046932235140954700394971893
7034808376478755995151236632188355914243748331114253452222280881960870409130087026464809178159629827084021791216214825638921182707125815165326373706082421
10820775672803169966150980627417680864851252744287556235177249584771080357947080732436658993533683819386476033438803295370423898398991038815654725942893623
12923787104795391809515960702640296970689731604068912123479113181298382055123617975750543391818274540487560485902993005159454019545128716868763839203362037
10610735415371769976100702836389425671340477804100124389756271814153893092982626715919595031947561625380262074708620961699979073875257278975555677995555869
7618692652517479647849724778838784529882932707430343257508462722284575221290163251812290853796842182262392041430179336975854072063664813454258774076840797
11811832716023530887502594781020471550292150353229431221282274399620782961359783519426869571936228476788936549969545831196382670723102852691535067889264649
11026434442673985387720438715000951119216075953040395166684601005448698042715948235596520064128582750179195157621007456724741313416072501576438898272876073
12023664983917896768322308271029880694955496416623568527841169013130304629821106052211088799155420885703987702111423791149360090439762522905739420524107213
7990454776879180378439637686630642037539660889368595625949504160878411377047138330449719137442122044392367467251726429669993164007926769151315096871055899
13357065613567098170979096570002187047732926307059844906235499795217258439972729797399055669452868013842586450075853964628321175936251756744484507686546507
8099268646429360576369175960844410760374576070284829954089349547799321995111585064396561201036820122664120955735777598755857484730831333120394373627459949
10701653491375196374982434623147097865714823117672266592731714708035100498760211949089392653755310004803290969411195239589098678305922636213657907277647039
13284249942606269332505964561372601147539996510939079711169549672438577798857023045823135226372047390936835095891974422305202049218836857864083046007306623
12966690467279704327624044523861389916412224701387463215270501799651704701196024579594922013106558167489926671077319536784370364123478421252490902458965207
11745208604434252933910740303408433961281888442347322902911112219127008014832626360957387336244939372138535117566209107913864762152369930349403150941274191
13218895895396457528719331955611680588028156607810119176278492246693008387237268908143946000725602998699115815688239727621428808935111097733625118259532103
10139419278933693106565085472427239864176894945496846075969467585838919538810880708412766821646480526942667461482765796746288389623121294825703602716579499
9063525812279590309395693984175897019773584363073742417427249405223170943537181517262845815560978735889496533603439032099763657950403895884310740929824897
13193419396458261216981872524822078104099143666483624736385530717725344295295577541698988222860298266504066341877983999090854338745179447506655340463059059
8269983665329060218828053042077113179422739240142712569865510746864151844830420999634954558499822332470622079117261118315137759748761225475174985638128001
7948788718273989595855718206992919087689791205981271979737543066083943850595908801363635935817780699157409233155225145864818523776047670207895117212274657
9518067340402588251578777816431720378827159876003940129941853682543063736453422278673624088577947319230579322646515698783293717378098179306591995914717571
13343922896052319396059423569096991224647060013927101299309969989368140002653184266099101669032628721272445654169021277213421232591589687539210848216437331
12993985548207586795135672856248133949221335856453500574891553195510949017846183283298895582880187215064694165600020777762089392643460894957608013190747127
13272254577609330076838377023156542452500899210682987105256296514272284996071955203650701805543262224264721600514013873617939291540286401054248303044585809
12310748609227823326884718920323525845547461457512298345578673451425029603586772733411950479393369700043351817061800785743942390045665574358787072171074999
10112687298436744199205465523339226159262426462449199134626117158342113662325094425365648912339632375493766499901315801385525565027483658896327320362808429
13257816672037928935005145472849182572370088279490115021983972463675586334153820591300051084756359700064186670431801661043147086461128339867921847924625353
9483929957088678160140595547898784874016013672149888394883362892206007804503509607952171719071468329531936225222844831042637652615442095678003812481526731
8305846922696736585038816579516799558976573733934011893812740796371350285704566231631634332842117988442865369200089974549540604143759395712707524256553471
11233566239999208640203948264037756559756064759818860889410203287040744871267201276311882862535796734217785326365557401581914831701334241077268775341507853
11091507065437974560785742661445126018685354048461709949600316903232055522560200643916824510205679364270061251188869328190505774627524146209256373939894083
10581893339390906426718398195704622877955606559263261232098265298750558446463587330765070702657446371828207940156846971778185778622756723469713828080459519
7358152891474805531907011855189634177950777529797496850851571855225618102842804398593561655250026622403963730672973934783418732716606022115625282429396357
9592633807698706890592453184310125728982916754384742000556416424320014976342925140669263043572689982735300064488637480863780943102566877864840850724739681
10775823652242178045501459850932779587236793177620655475547702017271809467604168281573819495529893062025612101316190929311323207807404715432805263602710451
10110412974181071536525377217095952154897924532111559057101730914948968725976734152928566467288631892017362685945588009606263579375378871028827892589215501
